s1 <- c(188.27,318.21,270.43,934.75,1108.41,1390.22,254.09)
m1 <- c(196.992,197.79,199.646,197.201,198.055,197.334,197.797)
s2 <- c(1268.77,1146.53,1469.2,389.81,395.63)
m2 <- c(200.801,200.526,200.482,199.402,197.989)
s3 <- c(326.29,1146.53,910.74,288.77,407.9)
m3 <- c(202.266,220.463,208.253,204.371,204.784)
s4 <- c(1460.42,1041.26,1017.54,1353.16,293.76,279.79)
m4 <- c(196.295,197.238,199.138,199.555,197.552,198.467)
s5 <- c(38.45,30.06,28.82,67.99)
m5 <- c(231.332,237.051,239.59,241.17)
s6 <- c(27.6,31.61,24.93,26.27,26.34)
m6 <- c(195.049,195.521,196.202,196.625,198.436)
s7 <- c(58.79,930.38,38.19,27.22,9.59,3.23)
m7 <- c(221.692,238.151,240.672,243.47,240.748,225.17)
s8 <- c(29.66,100.64,34.43,20.37,29.78,33.72,25.08,41.35)
m8 <- c(229.508,214.115,223.153,236.58,236.822,235.912,231.372,229.316)
s9 <- c(3.42,3.42,3.58,3.49)
m9 <- c(230.656,230.643,238.721,241.318)
s10 <- c(27.06,28.34,27.1,31.16,34.43)
m10 <- c(227.152,227.912,238.166,242.133,239.404)
s11 <- c(31.37,22.28,49.74,31.35,31.09,35.29)
m11 <- c(218.884,232.527,241.348,242.713,233.483,219.344)
s12 <- c(15.94,31.48,32.97,35.74,37.43,24.29)
m12 <- c(226.766,234.186,238.604,242.848,238.018,229.071)
s13 <- c(1620.9,1620.9,1620.9,1620.9,1620.9)
m13 <- c(232.122,241.022,241.933,242.879,235.8)
s14 <- c(32.74,34.29,31.17,37.98)
m14 <- c(228.574,236.77,239.925,241.735)
s15 <- c(18.54,13.32,23.39,27.58)
m15 <- c(223.789,224.9,241.563,244.303)
s16 <- c(5.54,4.36,4.1,6.33,6.51)
m16 <- c(229.006,237.132,240.697,241.858,239.511)
s17 <- c(46.85,34.08,49.43,43.18,38.87,33.31)
m17 <- c(233.964,238.891,242.615,242.239,238.191,228.189)
s18 <- c(38.45,38.9,36.16,1146.27,1251.14)
m18 <- c(228.485,222.611,241.416,239.39,241.523)
s19 <- c(33.04,33.28,32.67,38.49,30.81,32.93)
m19 <- c(220.908,241.552,244.959,243.988,244.115,236.297)
s20 <- c(21.83,20.64,20.15,21.16,21.29,54.7,17.22)
m20 <- c(219.933,237.916,243.198,243.172,240.897,233.783,222.324)

#s2,s3,s6*,s8,s9,s10,s12,s14*,s15,s17*,s18

